_c0,OPcodes,count
erWsqub0mkpO1NyCoDlB,push,457
erWsqub0mkpO1NyCoDlB,mov,222
erWsqub0mkpO1NyCoDlB,call,206
erWsqub0mkpO1NyCoDlB,db,99
erWsqub0mkpO1NyCoDlB,cmp,91
erWsqub0mkpO1NyCoDlB,dd,83
erWsqub0mkpO1NyCoDlB,pop,74
erWsqub0mkpO1NyCoDlB,align,70
erWsqub0mkpO1NyCoDlB,jz,67
erWsqub0mkpO1NyCoDlB,lea,44
erWsqub0mkpO1NyCoDlB,add,36
erWsqub0mkpO1NyCoDlB,jnz,34
erWsqub0mkpO1NyCoDlB,test,30
erWsqub0mkpO1NyCoDlB,xor,27
erWsqub0mkpO1NyCoDlB,jmp,23
erWsqub0mkpO1NyCoDlB,inc,15
erWsqub0mkpO1NyCoDlB,movzx,13
erWsqub0mkpO1NyCoDlB,or,8
erWsqub0mkpO1NyCoDlB,sub,7
erWsqub0mkpO1NyCoDlB,dw,7
erWsqub0mkpO1NyCoDlB,shl,6
erWsqub0mkpO1NyCoDlB,jle,5
erWsqub0mkpO1NyCoDlB,jl,4
erWsqub0mkpO1NyCoDlB,retn,4
erWsqub0mkpO1NyCoDlB,and,4
erWsqub0mkpO1NyCoDlB,jnb,4
erWsqub0mkpO1NyCoDlB,neg,3
erWsqub0mkpO1NyCoDlB,setz,3
erWsqub0mkpO1NyCoDlB,dec,3
erWsqub0mkpO1NyCoDlB,jb,2
erWsqub0mkpO1NyCoDlB,sbb,1
erWsqub0mkpO1NyCoDlB,jbe,1
erWsqub0mkpO1NyCoDlB,ja,1
