,OPcodes,count
0,db,2362
1,push,439
2,mov,196
3,pop,172
4,call,168
5,add,117
6,sub,68
7,align,46
8,lea,40
9,dd,13
10,xor,12
11,sbb,9
12,adc,7
13,and,7
14,cmp,7
15,jnz,6
16,test,6
17,jb,3
18,jbe,2
19,dec,2
20,or,2
21,xchg,1
22,jmp,1
23,ja,1
24,inc,1
25,jz,1
