,OPcodes,count
0,db,1008
1,push,378
2,add,188
3,pop,175
4,call,172
5,mov,155
6,dd,72
7,sub,54
8,align,54
9,lea,47
10,dw,17
11,xor,11
12,jnz,10
13,sbb,10
14,cmp,9
15,test,9
16,adc,4
17,jbe,4
18,or,4
19,and,3
20,jz,3
21,xchg,1
22,dec,1
23,unicode,1
24,jb,1
25,ja,1
26,inc,1
